2.3409478411991786
2.0300879560281735
2.016181750539594
1.9704124773887963
1.9396535623343394
1.9227543504831757
1.9119359016199318
1.9024043135605255
1.892289948513047
1.8839695551921818
1.875355218513683
1.8702290474005718
1.861796528256382
1.8559166949812045
1.8483857552098975
1.8440112826221673
1.8377908463902701
1.832967966030588
1.8261004991903154
1.8217599397675293
1.8170842430304264
1.812989224848234
1.8072880030284406
1.8023136736933867
1.7981573341867045
1.7936360053416802
1.7901552612790286
1.7851822522853256
1.8163352002160926
1.8417286317299268
1.7928281242154074
1.7850413555841094
1.7793860014127278
1.7739343696529244
1.7710676651510822
1.7659393593415673
1.7636853291862675
1.7619681572318213
1.7588880427273776
1.7565345159878132
1.7527989426313713
1.7497719029472774
1.7476112872186138
1.744816778377634
1.742745094825131
1.7414051980731233
1.7397484111573207
1.7380118067506931
1.7355819903800742
1.7343524731935356
1.732175284038972
1.7311653536254321
1.7293748143363856
1.7283486789379698
1.7273882593107917
1.7256939541400271
1.724697578783165
1.7224615344524419
1.7217874266454296
1.7225775306834497
1.7247773196420408
1.7233708395945733
1.7246376686894902
1.724174723492303
1.723196130713822
1.7249907362096373
1.724085775988843
1.7230169074452335
1.720994218222845
1.720847257374774
1.7222538417404798
1.7274966706530712
1.7234137839421024
1.7201542031614336
1.7174924158743938
1.7165689439367269
1.715231121465895
1.7156365430923657
1.7156657699709703
1.7145283794814132
1.7125425922095876
1.7108978606125187
1.7087022061844934
1.7086584249137073
1.7078501810103797
1.7092587990289378
1.707486385060297
1.7068084261720955
1.7126502450126335
1.7140305876354605
1.712460453486366
1.710863256576521
1.7097215649461377
1.7070773259728926
1.7065608323316699
1.707721612470705
1.7050382091558525
1.7042983300293606
1.7072743213866284
1.7109891431833049
1.7108550051509288
1.7101202577289292
1.708266051911737
1.7059204879692231
1.7036040332780384
1.7025321489807081
1.7015112966270511
1.7012562090193442
1.702215115738786
1.701736106852752
1.7003450306931558
1.700314363478262
1.6994699476823474
1.6975071503445536
1.6990065148157811
1.699483638037707
1.6980641410505737
1.696971956786655
1.6964993261405157
1.6952822635385025
1.6952136322023694
1.6944303943175891
1.6917396895152694
1.6900800977271595
1.6893695634669774
1.6894807339153108
1.6908405505981179
1.6900559257725594
1.7417727524869189
1.7237413284783645
1.7174538025521309
1.7166093512711087
1.7120353690542114
1.7123544126705492
1.7131133778193386
